0 0.102344 0.683099 0.192188 0.591549
0 0.202344 0.645540 0.145313 0.577465
0 0.266406 0.395540 0.076563 0.363850
0 0.400781 0.387324 0.076563 0.178404
0 0.378906 0.269953 0.060937 0.150235
0 0.906250 0.623239 0.184375 0.612676
0 0.760156 0.610329 0.142187 0.375587
0 0.791406 0.347418 0.148438 0.225352
0 0.656250 0.434272 0.093750 0.239437
0 0.663281 0.227700 0.098437 0.187793
0 0.605469 0.274648 0.067187 0.178404
0 0.627344 0.118545 0.060937 0.124413
0 0.582812 0.131455 0.040625 0.122066
0 0.520312 0.219484 0.071875 0.143192
0 0.396875 0.126761 0.071875 0.150235
0 0.439063 0.240610 0.046875 0.063380
0 0.335938 0.419014 0.075000 0.208920
